{
    "age": 44,
    "biometrics": {
        "heart_rate": 61,
        "height_in": 64.7945521851816,
        "height_m": 1.6457807367820148,
        "steps": 8268,
        "weight_kg": 75.0557719668189,
        "weight_lb": 165.46945599348825
    },
    "name": "Teresa\r Tyler",
    "pi": 3.141592593380827
}
{
    "age": 46,
    "biometrics": {
        "heart_rate": 66,
        "height_in": 66.28102973447106,
        "height_m": 1.6835372461454519,
        "steps": 5797,
        "weight_kg": 75.67824657859687,
        "weight_lb": 166.8417759721062
    },
    "name": "Andy\r Adler",
    "pi": 3.1415927068965126
}
{
    "age": 54,
    "biometrics": {
        "heart_rate": 67,
        "height_in": 67.6687742641167,
        "height_m": 1.7187859381641577,
        "steps": 4459,
        "weight_kg": 87.54274602168515,
        "weight_lb": 192.99848873432748
    },
    "name": "Merrili\r Miles",
    "pi": 3.1415927401407813
}
{
    "age": 53,
    "biometrics": {
        "heart_rate": 84,
        "height_in": 69.0109830406924,
        "height_m": 1.7528780226794547,
        "steps": 7648,
        "weight_kg": 79.68788576174275,
        "weight_lb": 175.6815067080533
    },
    "name": "Tami\r Rodgers",
    "pi": 3.141592715193218
}
