{
    "age": 57,
    "biometrics": {
        "heart_rate": 86,
        "height_in": 61.809936359236026,
        "height_m": 1.5699715357399657,
        "steps": 6094,
        "weight_kg": 85.90337351305044,
        "weight_lb": 189.38429531434124
    },
    "name": "Zorana Brown",
    "pi": 3.1415927070978187
}
{
    "age": 41,
    "biometrics": {
        "heart_rate": 76,
        "height_in": 78.2376121393752,
        "height_m": 1.9872342752336214,
        "steps": 14636,
        "weight_kg": 78.00925371051747,
        "weight_lb": 171.980760915281
    },
    "name": "Rochette Holmes",
    "pi": 3.141592579198764
}
