{
    "age": 41,
    "biometrics": {
        "heart_rate": 65,
        "height_in": 77.94318791128397,
        "height_m": 1.9797559038784247,
        "steps": 5507,
        "weight_kg": 88.64163255775813,
        "weight_lb": 195.4211159694847
    },
    "name": "Tonye Lamb",
    "pi": 3.1415927310762273
}
