{
    "age": 69,
    "biometrics": {
        "heart_rate": 51,
        "height_in": 60.69521430983412,
        "height_m": 1.5416576109746767,
        "steps": 4429,
        "weight_kg": 86.88597377343513,
        "weight_lb": 191.55055550039052
    },
    "name": "Tiff Small",
    "pi": 3.141592595726605
}
{
    "age": 58,
    "biometrics": {
        "heart_rate": 66,
        "height_in": 71.14586896371571,
        "height_m": 1.8071040958421674,
        "steps": 1601,
        "weight_kg": 53.87057552939486,
        "weight_lb": 118.7641482236145
    },
    "name": "Dorolisa Hansen",
    "pi": 3.1415927310534197
}
